0
492
510
476
496
480
520
499
494
480
497
487
509
470
503
489
479
510
507
507
464
503
506
477
493
504
534
481
535
512
470
491
494
534
527
506
505
469
496
489
520
532
491
502
474
524
495
507
513
510
497
526
528
482
497
506
514
494
508
514
503
509
485
498
489
525
532
516
503
504
460
503
521
520
514
489
483
501
522
525
488
491
474
514
515
497
510
519
502
499
493
520
495
508
479
527
487
520
505
513
506
493
508
506
503
513
510
518
501
487
506
509
490
496
539
500
512
483
509
497
521
507
492
505
497
485
543
490
503
494
470
531
471
500
495
533
487
480
516
515
523
488
512
486
521
507
513
487
486
503
507
480
528
533
504
506
472
482
508
520
520
519
502
517
519
491
556
469
535
481
521
506
543
501
487
520
517
509
485
532
512
540
484
514
520
530
504
519
475
500
548
519
529
524
505
510
519
504
545
539
506
453
497
481
522
508
511
537
512
461
498
507
518
515
511
518
496
497
504
530
503
510
485
491
514
520
525
516
503
508
504
504
517
520
496
539
517
486
496
536
477
515
551
516
493
494
510
519
513
521
516
497
505
494
528
493
524
517
517
493
512
546
517
512
517
552
490
501
510
528
505
520
524
514
527
497
525
517
513
513
532
515
494
501
513
510
519
515
504
499
539
509
513
514
496
509
523
500
500
496
509
519
516
543
493
516
489
512
523
512
512
505
490
528
522
498
508
531
495
518
497
511
506
518
507
502
502
507
521
529
504
503
514
519
528
516
505
505
510
521
489
542
498
510
523
509
542
503
525
493
524
513
497
491
507
513
512
526
504
486
521
521
546
479
514
518
529
513
515
478
535
520
497
513
510
485
504
536
512
521
506
526
508
520
535
492
524
511
521
538
513
475
510
522
521
535
510
488
529
473
501
520
584
488
517
541
476
480
516
517
490
504
516
546
504
535
504
513
512
512
556
509
534
521
525
537
526
500
517
517
525
516
561
546
524
496
542
526
550
573
506
480
529
536
562
543
535
497
500
495
518
516
540
501
498
549
519
551
524
506
525
517
540
514
510
509
535
530
495
515
532
529
509
521
542
477
492
506
503
533
509
509
478
470
507
531
541
530
509
523
502
490
539
490
480
501
514
507
503
502
532
467
518
504
484
504
479
521
511
515
480
514
480
541
527
474
502
498
477
528
534
515
466
500
503
485
520
535
494
483
554
468
540
517
456
501
482
532
495
552
445
456
479
505
512
521
477
498
453
570
491
465
511
492
517
451
509
495
523
483
542
479
478
470
455
496
549
482
472
516
516
497
482
513
461
479
522
510
506
492
491
515
471
529
506
482
456
532
472
482
517
481
526
469
503
491
477
474
502
515
460
486
508
555
457
502
461
511
515
512
485
480
508
495
484
505
485
533
485
554
463
475
516
528
488
547
488
481
495
503
542
476
493
501
492
486
503
510
518
529
470
512
509
519
491
485
501
522
477
524
528
515
472
523
478
500
499
540
494
525
514
487
513
481
500
516
499
541
518
473
520
511
523
487
493
510
538
512
507
532
503
526
491
511
518
499
519
515
505
522
507
496
501
527
498
531
523
517
510
486
497
538
509
536
542
494
512
526
555
470
502
512
536
517
526
491
534
503
505
528
503
519
511
503
501
505
508
535
517
537
500
500
535
506
513
512
512
507
516
531
504
484
527
510
546
503
522
519
520
519
483
494
517
542
508
541
498
499
504
533
546
533
478
490
535
505
531
522
521
497
502
533
514
507
524
515
525
499
506
538
494
528
518
544
533
477
502
530
507
536
531
480
497
521
519
527
511
543
487
505
532
506
520
502
536
506
526
498
506
525
527
560
494
481
541
482
499
526
539
521
496
504
513
536
483
541
492
513
505
478
511
533
507
529
479
513
500
520
528
495
548
494
504
509
488
507
508
525
563
480
488
543
499
499
507
522
532
482
507
528
509
525
514
520
494
514
495
522
524
505
511
524
523
493
493
507
528
510
510
493
502
513
489
513
522
522
521
510
483
497
513
539
512
499
532
500
502
537
502
509
507
509
526
510
501
508
534
513
502
526
456
522
486
529
529
524
498
511
506
484
519
507
497
516
508
527
510
473
526
556
496
482
506
512
532
496
509
515
512
495
517
520
476
531
531
488
503
512
507
502
484
492
482
503
526
542
491
480
485
485
514
517
527
463
556
458
510
503
491
508
511
498
496
523
507
481
475
512
499
516
512
507
479
521
464
500
482
509
536
530
490
518
480
500
470
528
609
469
483
515
